1684015477 1684015889
1684015888 1684016295
1684020543 1684020957
1684020956 1684021369
1684026441 1684026854
1684026853 1684027256
1684032340 1684032745
1684032744 1684033152
1684038235 1684038648
1684038647 1684039056
1684044128 1684044535
1684044534 1684044937
1684050030 1684050439
1684050438 1684050843
1684055928 1684056335
1684056334 1684056737
1684061815 1684062221
1684062220 1684062621
1684067715 1684068123
1684068122 1684068522
1684073615 1684074033
1684074032 1684074438
1684079514 1684079919
1684079918 1684080330
1684085415 1684085828
1684085827 1684086231
1684091312 1684091731
1684091730 1684092139
1684097208 1684097622
1684097621 1684098031
1684103111 1684103526
1684103525 1684103933
