1682729359 1682729737
1682729736 1682730115
1682734266 1682734650
1682734649 1682735029
1682739176 1682739555
1682739554 1682739930
1682744073 1682744453
1682744452 1682744830
1682748973 1682749348
1682749347 1682749724
1682753883 1682754262
1682754261 1682754640
1682758783 1682759161
1682759160 1682759536
1682763682 1682764062
1682764061 1682764439
1682768589 1682768967
1682768966 1682769349
1682773499 1682773880
1682773879 1682774254
1682778397 1682778776
1682778775 1682779154
1682783301 1682783660
1682783659 1682784013
1682788209 1682788506
1682788505 1682788801
1682793104 1682793353
1682793352 1682793596
1682798007 1682798225
1682798224 1682798435
1682802976 1682803167
1682803166 1682803352
#1682808864 1682808949
#1682808952 1682809047
#1682809063 1682809128
