#1682593629 1682593677
1682593703 1682594083
1682598587 1682598964
1682598963 1682599344
1682603489 1682603868
1682603867 1682604242
1682608392 1682608774
1682608773 1682609155
1682613288 1682613666
1682613665 1682614046
1682618185 1682618564
1682618563 1682618943
1682623082 1682623464
1682623463 1682623839
1682627980 1682628362
1682628361 1682628737
1682632884 1682633259
1682633258 1682633638
1682637781 1682638162
1682638161 1682638541
1682642682 1682643030
1682643029 1682643373
1682647579 1682647849
1682647848 1682648115
1682652480 1682652698
1682652697 1682652906
1682657376 1682657545
