1682972761 1682973142
1682973141 1682973520
1682977851 1682978228
1682978227 1682978608
1682982936 1682983315
1682983314 1682983693
1682988014 1682988396
1682988395 1682988774
1682993098 1682993479
1682993478 1682993858
1682998183 1682998568
1682998567 1682998946
1683003271 1683003652
1683003651 1683004036
1683008345 1683008727
1683008726 1683009103
1683013428 1683013807
1683013806 1683014187
1683018511 1683018899
1683018898 1683019277
1683023604 1683023983
1683023982 1683024364
1683028692 1683029071
1683029070 1683029448
1683033765 1683034150
1683034149 1683034529
1683038853 1683039233
1683039232 1683039612
1683043943 1683044323
1683044322 1683044709
1683049025 1683049409
1683049408 1683049784
