1682972761 1682973137
1682973136 1682973519
1682977851 1682978228
1682978227 1682978603
1682982937 1682983319
1682983318 1682983697
1682988014 1682988392
1682988391 1682988770
1682993098 1682993484
1682993483 1682993861
1682998183 1682998563
1682998562 1682998935
1683003267 1683003647
1683003646 1683004024
1683008345 1683008723
1683008722 1683009102
1683013428 1683013810
1683013809 1683014189
1683018510 1683018894
1683018893 1683019271
1683023604 1683023986
1683023985 1683024361
1683028691 1683029065
1683029064 1683029438
1683033770 1683034102
1683034101 1683034425
1683038853 1683039113
1683039112 1683039368
1683043938 1683044144
1683044143 1683044345
1683049020 1683049189
#1683054908 1683054970
