#1682451687 1682451737
1682459569 1682459944
1682459943 1682460274
1682464587 1682464965
1682464964 1682465341
1682469803 1682470178
1682470177 1682470559
1682474820 1682475196
1682475195 1682475574
1682479834 1682480218
1682480217 1682480598
1682484861 1682485242
1682485241 1682485619
1682489877 1682490257
1682490256 1682490638
1682494893 1682495190
#1682497085 1682497152
1682502054 1682502290
1682502289 1682502522
1682507140 1682507339
1682507338 1682507532
1682512229 1682512396
#1682526552 1682526597
#1682526598 1682526650
