1682459569 1682459941
1682459940 1682460269
1682464588 1682464968
1682464967 1682465344
1682469798 1682470173
1682470172 1682470554
1682474821 1682475200
1682475199 1682475579
1682479839 1682480214
1682480213 1682480592
1682484857 1682485236
1682485235 1682485613
1682489873 1682490251
1682490250 1682490632
1682494893 1682495271
1682497096 1682497180
1682502054 1682502335
1682502334 1682502605
1682507145 1682507358
1682507357 1682507562
1682512225 1682512395
# 1682526546 1682526778
# 1682526778 1682526859
# 1682526859 1682526909
